6485.62436
6487.76893
6490.76162
6494.76087
6498.71437
6504.2225
6506.93387
6509.10027
6512.78374
6521.48606
6528.61811
6531.35671
6533.16006
6543.34982
6549.3523
6551.75606
6552.7134
6554.20081
6556.75037
6560.04011
6563.17049
6577.22645
6583.88861
6588.55275
6591.48314
6593.95197
6594.9773
6595.56355
6597.23314
6598.81354
6619.98306
6632.42826
6657.88712
6662.25522
6666.94783
6668.90004
6674.65633
6694.25904
6694.92523
6702.19461
6702.19461
6702.19461
6702.19461
6702.19461
6703.85395
6728.0068
6728.0068
6728.0068
6728.0068
6728.0068
