5650.70675
5657.9276
5659.40057
5665.18663
5667.549059999999
5670.817389999999
5675.01023
5677.05522
5685.17398
5695.8054
5696.48728
5699.60292
5700.89546
5707.1087099999995
5709.2356
5715.9597
5719.60406
5720.1799200000005
5725.39105
5726.03482
5726.89549
5733.04011
5740.20589
5741.82516
5744.08968
5748.74485
5750.99054
5753.0348
5758.64742
5760.552119999999
5763.53857
5767.808639999999
5768.19397
5773.98605
5776.39746
5789.65372
5791.752570000001
5792.438010000001
5800.84429
5801.44733
5804.1496400000005
5812.962310000001
5814.50318
5815.43206
5815.976250000001
5823.92257
5824.80422
5832.409919999999
5834.98002
5834.98002
5834.98002
5834.98002
5834.98002
5852.69728
5853.47785
5854.11117
5856.48924
5859.49163
5859.49163
5859.49163
5859.49163
5859.49163
5863.71644
