4715.04904
4720.89716
4721.34604
4722.1027
4723.44653
4723.77924
4729.11388
4731.09985
4734.15497
4740.52476
4749.19019
4749.97147
4752.42249
4764.35039
4766.59175
4769.04552
4773.21532
4774.27525
4775.20313
4775.71626
4778.296
4779.15327
4786.53487
4787.76143
4789.39164
4792.60649
4799.28149
4807.02116
4808.13503
4809.62047
4813.894
4817.0539
4817.99029
4820.89028
4821.58185
4822.8576
4823.24789
4823.60972
4826.70262
4829.70615
4831.12028
4831.58685
4832.80764
4840.84297
4843.30189
4844.33997
4848.3521
4850.44672
4853.76371
4862.37503
4863.17127
4865.47204
4868.87693
4872.92235
4874.35562
4876.49352
4878.02167
4878.7348
4883.5355
4884.06362
4887.29835
4890.10004
4894.96908
4902.04337
