6485.62238
6487.76698
6490.75975
6494.75912
6498.7127199999995
6504.22085
6506.93213
6509.09836
6512.78143
6521.48251
6528.61484
6531.35426
6533.15872
6543.35087
6549.353529999999
6551.7573299999995
6552.71469
6554.20212
6556.7517
6560.04145
6563.171770000001
6577.22705
6583.88887
6588.55295
6591.483340000001
6593.95219
6594.97754
6595.56381
6597.23343
6598.81386
6619.98633
6632.44031
6657.90386
6662.27376
6666.96753
6668.920220000001
6674.677
6694.27982
6694.94599
6702.21566
6702.21566
6702.21566
6702.21566
6702.21566
6703.87522
6728.03829
6728.03829
6728.03829
6728.03829
6728.03829
