5650.70092
5657.92177
5659.39474
5665.18062
5667.54339
5670.81262
5675.00745
5677.05317
5685.17364
5695.80439
5696.48617
5699.60164
5700.89416
5707.1077
5709.23472
5715.9591
5719.60351
5720.17936
5725.39038
5726.03413
5726.8948
5733.03961
5740.20618
5741.82556
5744.09028
5748.74508
5750.99021
5753.03322
5758.6429
5760.5462
5763.53035
5767.79725
5768.18183
5773.97083
5776.38091
5789.63332
5791.73188
5792.41725
5800.82606
5801.42988
5804.13493
5812.95246
5814.49342
5815.42224
5815.96643
5823.91201
5824.79368
5832.40011
5834.97038
5834.97038
5834.97038
5834.97038
5834.97038
5852.69275
5853.47332
5854.10664
5856.48471
5859.4871
5859.4871
5859.4871
5859.4871
5859.4871
5863.71191
