4715.03978
4720.887900000001
4721.3367800000005
4722.09367
4723.4377700000005
4723.77048
4729.10429
4731.0895199999995
4734.14291
4740.51484
4749.19139
4749.973190000001
4752.42503
4764.351119999999
4766.5916799999995
4769.0448799999995
4773.21301
4774.27255
4775.20003
4775.71274
4778.291270000001
4779.1481699999995
4786.52782
4787.754269999999
4789.38439
4792.59963
4799.27743
4807.019810000001
4808.13363
4809.6189699999995
4813.891570000001
4817.05062
4817.9868
4820.88613
4821.577469999999
4822.85299
4823.24306
4823.6048900000005
4826.69726
4829.70054
4831.11469
4831.58131
4832.80217
4840.83893
4843.29879
4844.33726
4848.35173
4850.44711
4853.76477
4862.37503
4863.17108
4865.47116
4868.875150000001
4872.91813
4874.35073
4876.4864
4878.01379
4878.726180000001
4883.52365
4884.05177
4887.28551
4890.086810000001
4894.95577
4902.03006
