 4716.12000
 4716.16000
 4716.20000
 4716.24000
 4716.28000
 4716.32000
 4716.36000
 4716.40000
 4716.44000
 4716.48000
 4716.52000
 4716.56000
 4716.60000
 4716.64000
 4716.68000
 4716.72000
 4716.76000
 4719.12000
 4719.16000
 4719.20000
 4719.24000
 4719.28000
 4719.32000
 4719.36000
 4719.40000
 4719.44000
 4719.48000
 4719.52000
 4719.56000
 4719.60000
 4719.64000
 4719.68000
 4719.72000
 4719.76000
 4719.80000
 4719.84000
 4719.88000
 4719.92000
 4719.96000
 4720.00000
 4720.04000
 4720.08000
 4720.12000
 4720.16000
 4720.20000
 4720.24000
 4720.28000
 4720.32000
 4720.36000
 4720.40000
 4720.44000
 4720.48000
 4721.52000
 4721.56000
 4721.60000
 4721.64000
 4721.68000
 4721.72000
 4721.76000
 4721.80000
 4721.84000
 4721.88000
 4721.92000
 4721.96000
 4722.00000
 4722.04000
 4722.08000
 4722.12000
 4722.16000
 4722.20000
 4722.24000
 4722.28000
 4722.32000
 4722.36000
 4722.40000
 4722.44000
 4722.48000
 4722.52000
 4722.56000
 4722.60000
 4731.12000
 4731.16000
 4731.20000
 4731.24000
 4731.28000
 4731.32000
 4731.36000
 4731.40000
 4731.44000
 4731.48000
 4731.52000
 4731.56000
 4731.60000
 4731.64000
 4731.68000
 4731.72000
 4731.76000
 4731.80000
 4731.84000
 4738.72000
 4738.76000
 4738.80000
 4738.84000
 4738.88000
 4738.92000
 4738.96000
 4739.00000
 4739.04000
 4739.08000
 4739.12000
 4739.16000
 4739.20000
 4739.24000
 4739.28000
 4739.32000
 4739.36000
 4739.40000
 4739.44000
 4739.48000
 4739.52000
 4739.56000
 4739.60000
 4739.64000
 4739.68000
 4739.72000
 4739.76000
 4743.36000
 4743.40000
 4743.44000
 4743.48000
 4743.52000
 4743.56000
 4743.60000
 4743.64000
 4743.68000
 4743.72000
 4743.76000
 4743.80000
 4743.84000
 4743.88000
 4743.92000
 4743.96000
 4744.00000
 4744.04000
 4744.08000
 4744.12000
 4744.16000
 4744.20000
 4748.40000
 4748.44000
 4748.48000
 4748.52000
 4748.56000
 4748.60000
 4748.64000
 4748.68000
 4748.72000
 4748.76000
 4748.80000
 4748.84000
 4748.88000
 4748.92000
 4748.96000
 4749.00000
 4749.04000
 4749.08000
 4749.12000
 4752.84000
 4752.88000
 4752.92000
 4752.96000
 4753.00000
 4753.04000
 4753.08000
 4753.12000
 4753.16000
 4753.20000
 4753.24000
 4753.28000
 4753.32000
 4753.36000
 4753.40000
 4753.44000
 4753.48000
 4753.52000
 4753.56000
 4753.60000
 4753.64000
 4753.68000
 4753.72000
 4753.76000
 4753.80000
 4753.84000
 4753.88000
 4753.92000
 4753.96000
 4754.00000
 4754.04000
 4754.08000
 4754.12000
 4754.16000
 4754.20000
 4754.24000
 4754.28000
 4754.32000
 4754.36000
 4754.40000
 4754.44000
 4754.48000
 4757.36000
 4757.40000
 4757.44000
 4757.48000
 4757.52000
 4757.56000
 4757.60000
 4757.64000
 4757.68000
 4757.72000
 4757.76000
 4757.80000
 4757.84000
 4757.88000
 4757.92000
 4757.96000
 4758.00000
 4758.04000
 4758.08000
 4758.12000
 4758.16000
 4758.20000
 4758.24000
 4758.28000
 4758.32000
 4758.36000
 4758.40000
 4758.44000
 4758.48000
 4758.92000
 4758.96000
 4759.00000
 4759.04000
 4759.08000
 4759.12000
 4759.16000
 4759.20000
 4759.24000
 4759.28000
 4759.32000
 4759.36000
 4759.40000
 4759.44000
 4759.48000
 4759.52000
 4759.56000
 4759.60000
 4759.64000
 4759.68000
 4761.16000
 4761.20000
 4761.24000
 4761.28000
 4761.32000
 4761.36000
 4761.40000
 4761.44000
 4761.48000
 4761.52000
 4761.56000
 4761.60000
 4761.64000
 4761.68000
 4761.72000
 4761.76000
 4761.80000
 4761.84000
 4761.88000
 4761.92000
 4761.96000
 4764.20000
 4764.24000
 4764.28000
 4764.32000
 4764.36000
 4764.40000
 4764.44000
 4764.48000
 4764.52000
 4764.56000
 4764.60000
 4764.64000
 4764.68000
 4764.72000
 4764.76000
 4764.80000
 4764.84000
 4764.88000
 4764.92000
 4764.96000
 4765.00000
 4765.52000
 4765.56000
 4765.60000
 4765.64000
 4765.68000
 4765.72000
 4765.76000
 4765.80000
 4765.84000
 4765.88000
 4765.92000
 4765.96000
 4766.00000
 4766.04000
 4766.08000
 4766.12000
 4766.16000
 4766.20000
 4766.24000
 4772.04000
 4772.08000
 4772.12000
 4772.16000
 4772.20000
 4772.24000
 4772.28000
 4772.32000
 4772.36000
 4772.40000
 4772.44000
 4772.48000
 4772.52000
 4772.56000
 4772.60000
 4773.68000
 4773.72000
 4773.76000
 4773.80000
 4773.84000
 4773.88000
 4773.92000
 4773.96000
 4774.00000
 4774.04000
 4774.08000
 4774.12000
 4774.16000
 4774.20000
 4774.24000
 4774.76000
 4774.80000
 4774.84000
 4774.88000
 4774.92000
 4774.96000
 4775.00000
 4775.04000
 4775.08000
 4775.12000
 4775.16000
 4775.20000
 4775.24000
 4775.28000
 4775.32000
 4775.36000
 4775.40000
 4775.44000
 4775.48000
 4777.88000
 4777.92000
 4777.96000
 4778.00000
 4778.04000
 4778.08000
 4778.12000
 4778.16000
 4778.20000
 4778.24000
 4778.28000
 4778.32000
 4778.36000
 4778.40000
 4778.44000
 4778.48000
 4778.52000
 4778.56000
 4778.60000
 4778.64000
 4780.96000
 4781.00000
 4781.04000
 4781.08000
 4781.12000
 4781.16000
 4781.20000
 4781.24000
 4781.28000
 4781.32000
 4781.36000
 4781.40000
 4781.44000
 4781.48000
 4781.52000
 4781.56000
 4781.60000
 4781.64000
 4781.68000
 4781.72000
 4781.76000
 4781.80000
 4781.84000
 4781.88000
 4781.92000
 4781.96000
 4782.00000
 4782.04000
 4782.08000
 4782.12000
 4784.16000
 4784.20000
 4784.24000
 4784.28000
 4784.32000
 4784.36000
 4784.40000
 4784.44000
 4784.48000
 4784.52000
 4784.56000
 4784.60000
 4784.64000
 4784.68000
 4784.72000
 4784.76000
 4784.80000
 4788.36000
 4788.40000
 4788.44000
 4788.48000
 4788.52000
 4788.56000
 4788.60000
 4788.64000
 4788.68000
 4788.72000
 4788.76000
 4788.80000
 4788.84000
 4788.88000
 4788.92000
 4788.96000
 4789.00000
 4789.04000
 4789.08000
 4789.12000
 4789.16000
 4789.20000
 4789.24000
 4789.28000
 4789.32000
 4789.36000
 4789.40000
 4789.44000
 4789.48000
 4789.52000
 4789.56000
 4789.60000
 4789.64000
 4789.68000
 4791.12000
 4791.16000
 4791.20000
 4791.24000
 4791.28000
 4791.32000
 4791.36000
 4791.40000
 4791.44000
 4791.48000
 4791.52000
 4791.56000
 4791.60000
 4791.64000
 4791.68000
 4791.72000
 4791.76000
 4791.80000
 4791.84000
 4791.88000
 4791.92000
 4791.96000
 4792.00000
 4792.04000
 4792.08000
 4793.64000
 4793.68000
 4793.72000
 4793.76000
 4793.80000
 4793.84000
 4793.88000
 4793.92000
 4793.96000
 4794.00000
 4794.04000
 4794.08000
 4794.12000
 4794.16000
 4794.20000
 4794.24000
 4794.28000
 4794.32000
 4794.36000
 4794.40000
 4794.44000
 4794.48000
 4794.52000
 4794.56000
 4794.60000
 4794.64000
 4794.68000
 4794.72000
 4796.60000
 4796.64000
 4796.68000
 4796.72000
 4796.76000
 4796.80000
 4796.84000
 4796.88000
 4796.92000
 4796.96000
 4797.00000
 4797.04000
 4797.08000
 4797.12000
 4797.16000
 4797.64000
 4797.68000
 4797.72000
 4797.76000
 4797.80000
 4797.84000
 4797.88000
 4797.92000
 4797.96000
 4798.00000
 4798.04000
 4798.08000
 4798.12000
 4798.16000
 4798.20000
 4798.24000
 4798.28000
 4798.32000
 4798.36000
 4798.40000
 4798.44000
 4798.48000
 4798.52000
 4798.56000
 4798.60000
 4798.64000
 4798.68000
 4798.72000
 4798.76000
 4798.80000
 4798.84000
 4800.64000
 4800.68000
 4800.72000
 4800.76000
 4800.80000
 4800.84000
 4800.88000
 4800.92000
 4800.96000
 4801.00000
 4801.04000
 4801.08000
 4801.12000
 4801.16000
 4801.20000
 4801.24000
 4801.28000
 4801.32000
 4801.36000
 4801.40000
 4801.64000
 4801.68000
 4801.72000
 4801.76000
 4801.80000
 4801.84000
 4801.88000
 4801.92000
 4801.96000
 4802.00000
 4802.04000
 4802.08000
 4802.12000
 4802.16000
 4802.20000
 4802.24000
 4802.28000
 4802.32000
 4802.36000
 4802.40000
 4802.48000
 4802.52000
 4802.56000
 4802.60000
 4802.64000
 4802.68000
 4802.72000
 4802.76000
 4802.80000
 4802.84000
 4802.88000
 4802.92000
 4802.96000
 4803.00000
 4803.04000
 4803.08000
 4803.12000
 4803.16000
 4803.20000
 4803.24000
 4803.28000
 4803.68000
 4803.72000
 4803.76000
 4803.80000
 4803.84000
 4803.88000
 4803.92000
 4803.96000
 4804.00000
 4804.04000
 4804.08000
 4804.12000
 4804.16000
 4804.20000
 4804.24000
 4804.28000
 4804.32000
 4804.36000
 4804.40000
 4804.44000
 4804.48000
 4805.52000
 4805.56000
 4805.60000
 4805.64000
 4805.68000
 4805.72000
 4805.76000
 4805.80000
 4805.84000
 4805.88000
 4805.92000
 4805.96000
 4806.00000
 4806.04000
 4806.08000
 4806.12000
 4806.16000
 4806.20000
 4806.24000
 4807.80000
 4807.84000
 4807.88000
 4807.92000
 4807.96000
 4808.00000
 4808.04000
 4808.08000
 4808.12000
 4808.16000
 4808.20000
 4808.24000
 4808.28000
 4808.32000
 4808.36000
 4808.40000
 4808.44000
 4808.48000
 4808.52000
 4810.12000
 4810.16000
 4810.20000
 4810.24000
 4810.28000
 4810.32000
 4810.36000
 4810.40000
 4810.44000
 4810.48000
 4810.52000
 4810.56000
 4810.60000
 4810.64000
 4810.68000
 4810.72000
 4810.76000
 4810.80000
 4810.84000
 4810.88000
 4810.92000
 4811.04000
 4811.08000
 4811.12000
 4811.16000
 4811.20000
 4811.24000
 4811.28000
 4811.32000
 4811.36000
 4811.40000
 4811.44000
 4811.48000
 4811.52000
 4811.56000
 4811.60000
 4811.64000
 4811.68000
 4811.72000
 4819.16000
 4819.20000
 4819.24000
 4819.28000
 4819.32000
 4819.36000
 4819.40000
 4819.44000
 4819.48000
 4819.52000
 4819.56000
 4819.60000
 4819.64000
 4819.68000
 4819.72000
 4819.76000
 4819.80000
 4819.84000
 4819.88000
 4819.92000
 4819.96000
 4820.00000
 4820.04000
 4820.08000
 4820.12000
 4820.16000
 4820.20000
 4820.24000
 4820.28000
 4820.32000
 4820.36000
 4820.40000
 4820.44000
 4820.48000
 4820.52000
 4820.56000
 4820.60000
 4820.64000
 4820.68000
 4820.72000
 4820.76000
 4820.80000
 4820.84000
 4827.72000
 4827.76000
 4827.80000
 4827.84000
 4827.88000
 4827.92000
 4827.96000
 4828.00000
 4828.04000
 4828.08000
 4828.12000
 4828.16000
 4828.20000
 4828.24000
 4828.28000
 4828.32000
 4828.36000
 4828.40000
 4831.36000
 4831.40000
 4831.44000
 4831.48000
 4831.52000
 4831.56000
 4831.60000
 4831.64000
 4831.68000
 4831.72000
 4831.76000
 4831.80000
 4831.84000
 4831.88000
 4831.92000
 4832.84000
 4832.88000
 4832.92000
 4832.96000
 4833.00000
 4833.04000
 4833.08000
 4833.12000
 4833.16000
 4833.20000
 4833.24000
 4833.28000
 4833.32000
 4833.36000
 4833.40000
 4833.44000
 4836.32000
 4836.36000
 4836.40000
 4836.44000
 4836.48000
 4836.52000
 4836.56000
 4836.60000
 4836.64000
 4836.68000
 4836.72000
 4836.76000
 4836.80000
 4836.84000
 4836.88000
 4836.92000
 4847.28000
 4847.32000
 4847.36000
 4847.40000
 4847.44000
 4847.48000
 4847.52000
 4847.56000
 4847.60000
 4847.64000
 4847.68000
 4847.72000
 4847.76000
 4847.80000
 4847.84000
 4847.88000
 4847.92000
 4847.96000
 4848.00000
 4848.04000
 4848.08000
 4848.12000
 4848.16000
 4848.20000
 4848.24000
 4848.88000
 4848.92000
 4848.96000
 4849.00000
 4849.04000
 4849.08000
 4849.12000
 4849.16000
 4849.20000
 4849.24000
 4849.28000
 4849.32000
 4849.36000
 4849.40000
 4849.44000
 4849.48000
 4849.52000
 4849.56000
 4849.60000
 4854.04000
 4854.08000
 4854.12000
 4854.16000
 4854.20000
 4854.24000
 4854.28000
 4854.32000
 4854.36000
 4854.40000
 4854.44000
 4854.48000
 4854.52000
 4854.56000
 4854.60000
 4854.64000
 4854.68000
 4854.72000
 4854.76000
 4854.80000
 4854.84000
 4854.88000
 4854.92000
 4854.96000
 4855.00000
 4855.04000
 4855.08000
 4855.12000
 4855.16000
 4855.20000
 4855.24000
 4855.28000
 4865.12000
 4865.16000
 4865.20000
 4865.24000
 4865.28000
 4865.32000
 4865.36000
 4865.40000
 4865.44000
 4865.48000
 4865.52000
 4865.56000
 4865.60000
 4865.64000
 4865.68000
 4865.72000
 4865.76000
 4865.80000
 4865.84000
 4865.88000
 4865.92000
 4865.96000
 4866.00000
 4866.04000
 4868.84000
 4868.88000
 4868.92000
 4868.96000
 4869.00000
 4869.04000
 4869.08000
 4869.12000
 4869.16000
 4869.20000
 4869.24000
 4869.28000
 4869.32000
 4869.36000
 4869.40000
 4869.44000
 4869.48000
 4873.68000
 4873.72000
 4873.76000
 4873.80000
 4873.84000
 4873.88000
 4873.92000
 4873.96000
 4874.00000
 4874.04000
 4874.08000
 4874.12000
 4874.16000
 4874.20000
 4874.24000
 4874.28000
 4874.32000
 4874.36000
 4875.56000
 4875.60000
 4875.64000
 4875.68000
 4875.72000
 4875.76000
 4875.80000
 4875.84000
 4875.88000
 4875.92000
 4875.96000
 4876.00000
 4876.04000
 4876.08000
 4876.12000
 4876.16000
 4876.20000
 4876.24000
 4876.28000
 4883.28000
 4883.32000
 4883.36000
 4883.40000
 4883.44000
 4883.48000
 4883.52000
 4883.56000
 4883.60000
 4883.64000
 4883.68000
 4883.72000
 4883.76000
 4883.80000
 4883.84000
 4883.88000
 4883.92000
 4883.96000
 4884.00000
 4884.04000
 4884.08000
 4889.32000
 4889.36000
 4889.40000
 4889.44000
 4889.48000
 4889.52000
 4889.56000
 4889.60000
 4889.64000
 4889.68000
 4889.72000
 4889.76000
 4889.80000
 4889.84000
 4889.88000
 4889.92000
 4889.96000
 4890.00000
 4890.04000
 4890.08000
 4890.12000
 4890.16000
 4890.20000
 4890.24000
 4890.28000
 4890.32000
 4890.36000
 4890.40000
 4890.44000
 4890.48000
 4890.52000
 4890.56000
 4890.60000
 4890.64000
 4890.68000
 4890.72000
 4890.76000
 4890.80000
 4890.84000
 4890.88000
 4890.92000
 4890.96000
 4891.00000
 4891.04000
 4891.08000
 4891.12000
 4891.16000
 4891.20000
 4891.24000
 4891.28000
 4891.32000
 4891.36000
 4891.40000
 4891.44000
 4891.48000
 4891.52000
 4891.56000
 4891.60000
 4891.64000
 4891.68000
 4891.72000
 4891.76000
 4891.80000
 4891.84000
 4891.88000
 4891.92000
 4891.96000
 4892.00000
 4892.04000
 4892.08000
 4892.12000
 4892.16000
 4892.20000
 4892.24000
 4892.28000
 4892.32000
 4892.36000
 4892.40000
 4892.44000
 4892.48000
 4892.52000
 4892.56000
 4892.60000
 4892.64000
 4892.68000
 4899.04000
 4899.08000
 4899.12000
 4899.16000
 4899.20000
 4899.24000
 4899.28000
 4899.32000
 4899.36000
 4899.40000
 4899.44000
 4899.48000
 4899.52000
 4899.56000
 4899.60000
 4899.64000
 4899.68000
 4899.72000
 4899.76000
 4899.80000
 4899.84000
 4899.88000
 4899.92000
 4899.96000
 4900.00000
 5646.85000
 5646.90000
 5646.95000
 5647.00000
 5647.05000
 5647.10000
 5647.15000
 5647.20000
 5647.25000
 5647.30000
 5647.35000
 5647.40000
 5647.45000
 5647.50000
 5647.55000
 5647.60000
 5647.65000
 5651.15000
 5651.20000
 5651.25000
 5651.30000
 5651.35000
 5651.40000
 5651.45000
 5651.50000
 5651.55000
 5651.60000
 5651.65000
 5651.70000
 5651.75000
 5651.80000
 5651.95000
 5652.00000
 5652.05000
 5652.10000
 5652.15000
 5652.20000
 5652.25000
 5652.30000
 5652.35000
 5652.40000
 5652.45000
 5652.50000
 5652.55000
 5652.60000
 5652.65000
 5652.70000
 5657.50000
 5657.55000
 5657.60000
 5657.65000
 5657.70000
 5657.75000
 5657.80000
 5657.85000
 5657.90000
 5657.95000
 5658.00000
 5658.05000
 5658.10000
 5658.15000
 5658.20000
 5658.25000
 5658.30000
 5661.00000
 5661.05000
 5661.10000
 5661.15000
 5661.20000
 5661.25000
 5661.30000
 5661.35000
 5661.40000
 5661.45000
 5661.50000
 5661.55000
 5661.60000
 5661.65000
 5661.70000
 5661.75000
 5661.80000
 5661.85000
 5662.10000
 5662.15000
 5662.20000
 5662.25000
 5662.30000
 5662.35000
 5662.40000
 5662.45000
 5662.50000
 5662.55000
 5662.60000
 5662.65000
 5662.70000
 5662.75000
 5662.80000
 5662.85000
 5662.90000
 5662.95000
 5663.00000
 5663.05000
 5663.10000
 5663.15000
 5663.20000
 5663.25000
 5663.30000
 5663.35000
 5666.75000
 5666.80000
 5666.85000
 5666.90000
 5666.95000
 5667.00000
 5667.05000
 5667.10000
 5667.15000
 5667.20000
 5667.25000
 5667.30000
 5667.35000
 5667.40000
 5667.45000
 5667.50000
 5671.45000
 5671.50000
 5671.55000
 5671.60000
 5671.65000
 5671.70000
 5671.75000
 5671.80000
 5671.85000
 5671.90000
 5671.95000
 5672.00000
 5672.05000
 5672.10000
 5672.15000
 5672.20000
 5672.25000
 5678.65000
 5678.70000
 5678.75000
 5678.80000
 5678.85000
 5678.90000
 5678.95000
 5679.00000
 5679.05000
 5679.10000
 5679.15000
 5679.20000
 5679.25000
 5679.30000
 5679.35000
 5679.40000
 5679.45000
 5679.50000
 5679.90000
 5679.95000
 5680.00000
 5680.05000
 5680.10000
 5680.15000
 5680.20000
 5680.25000
 5680.30000
 5680.35000
 5680.40000
 5680.45000
 5680.50000
 5680.55000
 5680.60000
 5680.65000
 5680.70000
 5680.75000
 5680.80000
 5680.85000
 5680.90000
 5680.95000
 5681.00000
 5681.05000
 5681.10000
 5681.15000
 5681.20000
 5681.25000
 5681.30000
 5681.35000
 5682.35000
 5682.40000
 5682.45000
 5682.50000
 5682.55000
 5682.60000
 5682.65000
 5682.70000
 5682.75000
 5682.80000
 5682.85000
 5682.90000
 5682.95000
 5683.00000
 5683.05000
 5683.10000
 5683.15000
 5684.00000
 5684.05000
 5684.10000
 5684.15000
 5684.20000
 5684.25000
 5684.30000
 5684.35000
 5684.40000
 5684.45000
 5684.50000
 5684.55000
 5684.60000
 5684.65000
 5684.70000
 5684.75000
 5684.80000
 5684.85000
 5684.90000
 5684.95000
 5687.75000
 5687.80000
 5687.85000
 5687.90000
 5687.95000
 5688.00000
 5688.05000
 5688.10000
 5688.15000
 5688.20000
 5688.25000
 5688.30000
 5688.35000
 5688.40000
 5688.45000
 5688.50000
 5688.55000
 5689.10000
 5689.15000
 5689.20000
 5689.25000
 5689.30000
 5689.35000
 5689.40000
 5689.45000
 5689.50000
 5689.55000
 5689.60000
 5689.65000
 5689.70000
 5689.75000
 5689.80000
 5689.85000
 5689.90000
 5689.95000
 5690.00000
 5690.05000
 5690.10000
 5690.15000
 5690.20000
 5690.25000
 5690.30000
 5690.35000
 5690.40000
 5690.45000
 5690.50000
 5690.55000
 5690.60000
 5690.65000
 5690.70000
 5690.75000
 5690.80000
 5690.85000
 5695.75000
 5695.80000
 5695.85000
 5695.90000
 5695.95000
 5696.00000
 5696.05000
 5696.10000
 5696.15000
 5696.20000
 5696.25000
 5696.30000
 5696.35000
 5696.40000
 5698.60000
 5698.65000
 5698.70000
 5698.75000
 5698.80000
 5698.85000
 5698.90000
 5698.95000
 5699.00000
 5699.05000
 5699.10000
 5699.15000
 5699.20000
 5699.25000
 5699.30000
 5699.35000
 5699.40000
 5699.45000
 5699.50000
 5699.55000
 5699.75000
 5699.80000
 5699.85000
 5699.90000
 5699.95000
 5700.00000
 5700.05000
 5700.10000
 5700.15000
 5700.20000
 5700.25000
 5700.30000
 5700.35000
 5700.40000
 5700.45000
 5700.50000
 5700.55000
 5700.75000
 5700.80000
 5700.85000
 5700.90000
 5700.95000
 5701.00000
 5701.05000
 5701.10000
 5701.15000
 5701.20000
 5701.25000
 5701.30000
 5701.35000
 5701.40000
 5701.45000
 5701.50000
 5701.55000
 5701.60000
 5701.65000
 5701.70000
 5701.75000
 5701.80000
 5701.85000
 5701.90000
 5701.95000
 5705.05000
 5705.10000
 5705.15000
 5705.20000
 5705.25000
 5705.30000
 5705.35000
 5705.40000
 5705.45000
 5705.50000
 5705.55000
 5705.60000
 5705.65000
 5705.70000
 5705.75000
 5705.80000
 5705.85000
 5705.90000
 5710.60000
 5710.65000
 5710.70000
 5710.75000
 5710.80000
 5710.85000
 5710.90000
 5710.95000
 5711.00000
 5711.05000
 5711.10000
 5711.15000
 5711.20000
 5711.25000
 5711.30000
 5711.35000
 5711.40000
 5711.45000
 5711.50000
 5711.55000
 5711.60000
 5716.05000
 5716.10000
 5716.15000
 5716.20000
 5716.25000
 5716.30000
 5716.35000
 5716.40000
 5716.45000
 5716.50000
 5716.55000
 5716.60000
 5716.65000
 5716.70000
 5716.75000
 5716.80000
 5716.85000
 5716.90000
 5716.95000
 5717.00000
 5717.05000
 5717.10000
 5717.15000
 5717.20000
 5717.25000
 5717.30000
 5717.35000
 5717.40000
 5717.45000
 5717.50000
 5717.55000
 5717.60000
 5717.65000
 5720.05000
 5720.10000
 5720.15000
 5720.20000
 5720.25000
 5720.30000
 5720.35000
 5720.40000
 5720.45000
 5720.50000
 5720.55000
 5720.60000
 5720.65000
 5720.70000
 5720.75000
 5720.80000
 5720.85000
 5723.70000
 5723.75000
 5723.80000
 5723.85000
 5723.90000
 5723.95000
 5724.00000
 5724.05000
 5724.10000
 5724.15000
 5724.20000
 5724.25000
 5724.30000
 5724.35000
 5724.40000
 5724.45000
 5728.55000
 5728.60000
 5728.65000
 5728.70000
 5728.75000
 5728.80000
 5728.85000
 5728.90000
 5728.95000
 5729.00000
 5729.05000
 5729.10000
 5729.15000
 5729.20000
 5731.30000
 5731.35000
 5731.40000
 5731.45000
 5731.50000
 5731.55000
 5731.60000
 5731.65000
 5731.70000
 5731.75000
 5731.80000
 5731.85000
 5731.90000
 5731.95000
 5732.00000
 5732.05000
 5732.10000
 5732.15000
 5732.20000
 5732.25000
 5732.30000
 5732.35000
 5732.40000
 5732.45000
 5732.50000
 5732.55000
 5732.60000
 5732.65000
 5739.05000
 5739.10000
 5739.15000
 5739.20000
 5739.25000
 5739.30000
 5739.35000
 5739.40000
 5739.45000
 5739.50000
 5739.55000
 5739.60000
 5739.65000
 5739.70000
 5739.75000
 5739.80000
 5739.85000
 5740.50000
 5740.55000
 5740.60000
 5740.65000
 5740.70000
 5740.75000
 5740.80000
 5740.85000
 5740.90000
 5740.95000
 5741.00000
 5741.05000
 5741.10000
 5741.15000
 5741.20000
 5741.35000
 5741.40000
 5741.45000
 5741.50000
 5741.55000
 5741.60000
 5741.65000
 5741.70000
 5741.75000
 5741.80000
 5741.85000
 5741.90000
 5741.95000
 5742.00000
 5742.05000
 5742.10000
 5742.15000
 5742.20000
 5770.15000
 5770.20000
 5770.25000
 5770.30000
 5770.35000
 5770.40000
 5770.45000
 5770.50000
 5770.55000
 5770.60000
 5770.65000
 5770.70000
 5770.75000
 5770.80000
 5770.85000
 5770.90000
 5771.65000
 5771.70000
 5771.75000
 5771.80000
 5771.85000
 5771.90000
 5771.95000
 5772.00000
 5772.05000
 5772.10000
 5772.15000
 5772.20000
 5772.25000
 5772.30000
 5772.35000
 5772.40000
 5772.45000
 5772.50000
 5772.55000
 5772.60000
 5774.65000
 5774.70000
 5774.75000
 5774.80000
 5774.85000
 5774.90000
 5774.95000
 5775.00000
 5775.05000
 5775.10000
 5775.15000
 5775.20000
 5775.25000
 5775.30000
 5775.35000
 5775.40000
 5775.45000
 5775.50000
 5775.55000
 5775.60000
 5778.00000
 5778.05000
 5778.10000
 5778.15000
 5778.20000
 5778.25000
 5778.30000
 5778.35000
 5778.40000
 5778.45000
 5778.50000
 5778.55000
 5778.60000
 5778.65000
 5778.70000
 5778.75000
 5778.80000
 5778.85000
 5781.75000
 5781.80000
 5781.85000
 5781.90000
 5781.95000
 5782.00000
 5782.05000
 5782.10000
 5782.15000
 5782.20000
 5782.25000
 5782.30000
 5782.35000
 5782.40000
 5782.45000
 5782.50000
 5782.55000
 5782.60000
 5782.65000
 5787.45000
 5787.50000
 5787.55000
 5787.60000
 5787.65000
 5787.70000
 5787.75000
 5787.80000
 5787.85000
 5787.90000
 5787.95000
 5788.00000
 5788.05000
 5788.10000
 5788.15000
 5788.20000
 5788.25000
 5788.30000
 5788.35000
 5792.55000
 5792.60000
 5792.65000
 5792.70000
 5792.75000
 5792.80000
 5792.85000
 5792.90000
 5792.95000
 5793.00000
 5793.05000
 5793.10000
 5793.15000
 5793.20000
 5793.25000
 5793.30000
 5793.35000
 5793.40000
 5793.45000
 5793.50000
 5793.55000
 5805.35000
 5805.40000
 5805.45000
 5805.50000
 5805.55000
 5805.60000
 5805.65000
 5805.70000
 5805.75000
 5805.80000
 5805.85000
 5805.90000
 5805.95000
 5806.00000
 5806.05000
 5806.10000
 5806.30000
 5806.35000
 5806.40000
 5806.45000
 5806.50000
 5806.55000
 5806.60000
 5806.65000
 5806.70000
 5806.75000
 5806.80000
 5806.85000
 5806.90000
 5806.95000
 5807.00000
 5807.05000
 5808.80000
 5808.85000
 5808.90000
 5808.95000
 5809.00000
 5809.05000
 5809.10000
 5809.15000
 5809.20000
 5809.25000
 5809.30000
 5809.35000
 5809.40000
 5809.45000
 5809.50000
 5809.55000
 5809.60000
 5809.65000
 5811.15000
 5811.20000
 5811.25000
 5811.30000
 5811.35000
 5811.40000
 5811.45000
 5811.50000
 5811.55000
 5811.60000
 5811.65000
 5811.70000
 5811.75000
 5811.80000
 5811.85000
 5811.90000
 5811.95000
 5812.00000
 5812.05000
 5812.10000
 5812.15000
 5812.20000
 5812.25000
 5812.30000
 5812.35000
 5814.50000
 5814.55000
 5814.60000
 5814.65000
 5814.70000
 5814.75000
 5814.80000
 5814.85000
 5814.90000
 5814.95000
 5815.00000
 5815.05000
 5815.10000
 5815.15000
 5818.20000
 5818.25000
 5818.30000
 5818.35000
 5818.40000
 5818.45000
 5818.50000
 5818.55000
 5818.60000
 5818.65000
 5818.70000
 5818.75000
 5818.80000
 5818.85000
 5818.90000
 5818.95000
 5819.00000
 5819.05000
 5819.10000
 5819.15000
 5842.00000
 5842.05000
 5842.10000
 5842.15000
 5842.20000
 5842.25000
 5842.30000
 5842.35000
 5842.40000
 5842.45000
 5842.50000
 5842.55000
 5842.60000
 5842.65000
 5842.70000
 5842.75000
 5842.80000
 5846.60000
 5846.65000
 5846.70000
 5846.75000
 5846.80000
 5846.85000
 5846.90000
 5846.95000
 5847.00000
 5847.05000
 5847.10000
 5847.15000
 5847.20000
 5847.25000
 5847.30000
 5847.35000
 5847.40000
 5849.30000
 5849.35000
 5849.40000
 5849.45000
 5849.50000
 5849.55000
 5849.60000
 5849.65000
 5849.70000
 5849.75000
 5849.80000
 5849.85000
 5849.90000
 5849.95000
 5850.00000
 5850.05000
 5852.70000
 5852.75000
 5852.80000
 5852.85000
 5852.90000
 5852.95000
 5853.00000
 5853.05000
 5853.10000
 5853.15000
 5853.20000
 5853.25000
 5853.30000
 5853.35000
 5853.40000
 5853.45000
 5853.50000
 5853.55000
 5853.60000
 5853.65000
 5853.70000
 5853.75000
 5853.80000
 5853.85000
 5853.90000
 5853.95000
 5854.00000
 5854.05000
 5854.10000
 5854.15000
 5854.65000
 5854.70000
 5854.75000
 5854.80000
 5854.85000
 5854.90000
 5854.95000
 5855.00000
 5855.05000
 5855.10000
 5855.15000
 5855.20000
 5855.25000
 5855.30000
 5855.35000
 5855.40000
 5855.45000
 5855.50000
 5856.85000
 5856.90000
 5856.95000
 5857.00000
 5857.05000
 5857.10000
 5857.15000
 5857.20000
 5857.25000
 5857.30000
 5857.35000
 5857.40000
 5857.45000
 5857.50000
 5857.55000
 5857.60000
 5857.65000
 5857.70000
 5857.75000
 5857.80000
 5858.40000
 5858.45000
 5858.50000
 5858.55000
 5858.60000
 5858.65000
 5858.70000
 5858.75000
 5858.80000
 5858.85000
 5858.90000
 5858.95000
 5859.00000
 5859.05000
 5859.10000
 5859.15000
 5859.20000
 5865.80000
 5865.85000
 5865.90000
 5865.95000
 5866.00000
 5866.05000
 5866.10000
 5866.15000
 5866.20000
 5866.25000
 5866.30000
 5866.35000
 5866.40000
 5866.45000
 5866.50000
 5866.55000
 5866.60000
 5866.65000
 5866.70000
 5866.75000
 5866.80000
 5866.85000
 5866.90000
 5866.95000
 5867.00000
 5867.10000
 5867.15000
 5867.20000
 5867.25000
 5867.30000
 5867.35000
 5867.40000
 5867.45000
 5867.50000
 5867.55000
 5867.60000
 5867.65000
 5867.70000
 5867.75000
 5867.80000
 5867.85000
 6475.00000
 6475.06000
 6475.12000
 6475.18000
 6475.24000
 6475.30000
 6475.36000
 6475.42000
 6475.48000
 6475.54000
 6475.60000
 6475.66000
 6475.72000
 6475.78000
 6475.84000
 6475.90000
 6475.96000
 6476.02000
 6476.08000
 6476.14000
 6481.42000
 6481.48000
 6481.54000
 6481.60000
 6481.66000
 6481.72000
 6481.78000
 6481.84000
 6481.90000
 6481.96000
 6482.02000
 6482.08000
 6482.14000
 6482.20000
 6482.26000
 6489.88000
 6489.94000
 6490.00000
 6490.06000
 6490.12000
 6490.18000
 6490.24000
 6490.30000
 6490.36000
 6490.42000
 6490.48000
 6490.54000
 6490.60000
 6490.66000
 6490.72000
 6490.78000
 6493.30000
 6493.36000
 6493.42000
 6493.48000
 6493.54000
 6493.60000
 6493.66000
 6493.72000
 6493.78000
 6493.84000
 6493.90000
 6493.96000
 6494.02000
 6494.08000
 6494.14000
 6494.56000
 6494.62000
 6494.68000
 6494.74000
 6494.80000
 6494.86000
 6494.92000
 6494.98000
 6495.04000
 6495.10000
 6495.16000
 6495.22000
 6495.28000
 6495.34000
 6495.40000
 6495.46000
 6496.54000
 6496.60000
 6496.66000
 6496.72000
 6496.78000
 6496.84000
 6496.90000
 6496.96000
 6497.02000
 6497.08000
 6497.14000
 6497.20000
 6497.26000
 6497.32000
 6497.38000
 6497.44000
 6498.34000
 6498.40000
 6498.46000
 6498.52000
 6498.58000
 6498.64000
 6498.70000
 6498.76000
 6498.82000
 6498.88000
 6498.94000
 6499.00000
 6499.06000
 6499.12000
 6499.18000
 6499.24000
 6499.30000
 6499.36000
 6499.42000
 6499.48000
 6499.54000
 6499.60000
 6499.66000
 6499.72000
 6499.78000
 6499.84000
 6499.90000
 6499.96000
 6500.02000
 6500.08000
 6500.14000
 6515.68000
 6515.74000
 6515.80000
 6515.86000
 6515.92000
 6515.98000
 6516.04000
 6516.10000
 6516.16000
 6516.22000
 6516.28000
 6516.34000
 6516.40000
 6516.46000
 6516.52000
 6516.58000
 6517.84000
 6517.90000
 6517.96000
 6518.02000
 6518.08000
 6518.14000
 6518.20000
 6518.26000
 6518.32000
 6518.38000
 6518.44000
 6518.50000
 6518.56000
 6518.62000
 6518.68000
 6518.74000
 6545.74000
 6545.80000
 6545.86000
 6545.92000
 6545.98000
 6546.04000
 6546.10000
 6546.16000
 6546.22000
 6546.28000
 6546.34000
 6546.40000
 6546.46000
 6546.52000
 6546.58000
 6546.64000
 6546.70000
 6546.76000
 6546.82000
 6549.94000
 6550.00000
 6550.06000
 6550.12000
 6550.18000
 6550.24000
 6550.30000
 6550.36000
 6550.42000
 6550.48000
 6550.54000
 6550.60000
 6550.96000
 6551.02000
 6551.08000
 6551.14000
 6551.20000
 6551.26000
 6551.32000
 6551.38000
 6551.44000
 6551.50000
 6551.56000
 6551.62000
 6551.68000
 6551.74000
 6551.80000
 6551.86000
 6551.92000
 6585.82000
 6585.88000
 6585.94000
 6586.00000
 6586.06000
 6586.12000
 6586.18000
 6586.24000
 6586.30000
 6586.36000
 6586.42000
 6586.48000
 6586.54000
 6586.60000
 6586.66000
 6587.08000
 6587.14000
 6587.20000
 6587.26000
 6587.32000
 6587.38000
 6587.44000
 6587.50000
 6587.56000
 6587.62000
 6587.68000
 6587.74000
 6587.80000
 6587.86000
 6587.92000
 6587.98000
 6588.04000
 6588.10000
 6588.16000
 6592.54000
 6592.60000
 6592.66000
 6592.72000
 6592.78000
 6592.84000
 6592.90000
 6592.96000
 6593.02000
 6593.08000
 6593.14000
 6593.20000
 6593.26000
 6593.32000
 6593.38000
 6593.44000
 6593.50000
 6593.56000
 6593.62000
 6593.68000
 6593.74000
 6593.80000
 6593.86000
 6593.92000
 6593.98000
 6594.04000
 6594.10000
 6594.16000
 6594.22000
 6594.28000
 6594.34000
 6594.40000
 6594.46000
 6597.04000
 6597.10000
 6597.16000
 6597.22000
 6597.28000
 6597.34000
 6597.40000
 6597.46000
 6597.52000
 6597.58000
 6597.64000
 6597.70000
 6597.76000
 6597.82000
 6597.88000
 6597.94000
 6598.00000
 6598.06000
 6598.72000
 6598.78000
 6598.84000
 6598.90000
 6598.96000
 6599.02000
 6599.08000
 6599.14000
 6599.20000
 6599.26000
 6599.32000
 6599.38000
 6599.44000
 6599.50000
 6599.56000
 6599.62000
 6599.68000
 6604.24000
 6604.30000
 6604.36000
 6604.42000
 6604.48000
 6604.54000
 6604.60000
 6604.66000
 6604.72000
 6604.78000
 6604.84000
 6604.90000
 6604.96000
 6605.02000
 6605.08000
 6605.14000
 6608.44000
 6608.50000
 6608.56000
 6608.62000
 6608.68000
 6608.74000
 6608.80000
 6608.86000
 6608.92000
 6608.98000
 6609.04000
 6609.10000
 6609.16000
 6609.22000
 6609.28000
 6609.34000
 6609.40000
 6609.46000
 6609.52000
 6609.58000
 6627.16000
 6627.22000
 6627.28000
 6627.34000
 6627.40000
 6627.46000
 6627.52000
 6627.58000
 6627.64000
 6627.70000
 6627.76000
 6627.82000
 6627.88000
 6627.94000
 6628.00000
 6629.62000
 6629.68000
 6629.74000
 6629.80000
 6629.86000
 6629.92000
 6629.98000
 6630.04000
 6630.10000
 6630.16000
 6630.22000
 6630.28000
 6630.34000
 6630.40000
 6630.46000
 6632.02000
 6632.08000
 6632.14000
 6632.20000
 6632.26000
 6632.32000
 6632.38000
 6632.44000
 6632.50000
 6632.56000
 6632.62000
 6632.68000
 6632.74000
 6632.80000
 6632.86000
 6632.92000
 6644.62000
 6644.68000
 6644.74000
 6644.80000
 6644.86000
 6644.92000
 6644.98000
 6645.04000
 6645.10000
 6645.16000
 6645.22000
 6645.28000
 6645.34000
 6645.40000
 6645.46000
 6645.52000
 6647.62000
 6647.68000
 6647.74000
 6647.80000
 6647.86000
 6647.92000
 6647.98000
 6648.04000
 6648.10000
 6648.16000
 6648.22000
 6648.28000
 6648.34000
 6648.40000
 6648.46000
 6648.52000
 6648.58000
 6677.50000
 6677.56000
 6677.62000
 6677.68000
 6677.74000
 6677.80000
 6677.86000
 6677.92000
 6677.98000
 6678.04000
 6678.10000
 6678.16000
 6678.22000
 6678.28000
 6678.34000
 6678.40000
 6678.46000
 6678.52000
 6678.58000
 6678.64000
 6678.70000
 6678.76000
 6678.82000
 6678.88000
 6678.94000
 6679.00000
 6679.06000
 6679.12000
 6679.18000
 6679.24000
 6679.30000
 6695.62000
 6695.68000
 6695.74000
 6695.80000
 6695.86000
 6695.92000
 6695.98000
 6696.04000
 6696.10000
 6696.16000
 6696.22000
 6696.28000
 6696.34000
 6698.20000
 6698.26000
 6698.32000
 6698.38000
 6698.44000
 6698.50000
 6698.56000
 6698.62000
 6698.68000
 6698.74000
 6698.80000
 6698.86000
 6698.92000
 6698.98000
 6699.04000
 6699.10000
 6699.16000
 6699.22000
 6699.28000
 6699.34000
 6699.40000
 6699.46000
 6699.52000
 6699.58000
 6703.00000
 6703.06000
 6703.12000
 6703.18000
 6703.24000
 6703.30000
 6703.36000
 6703.42000
 6703.48000
 6703.54000
 6703.60000
 6703.66000
 6703.72000
 6703.78000
 6703.84000
 6703.90000
 6703.96000
 6707.14000
 6707.20000
 6707.26000
 6707.32000
 6707.38000
 6707.44000
 6707.50000
 6707.56000
 6707.62000
 6707.68000
 6707.74000
 6707.80000
 6707.86000
 6707.92000
 6707.98000
 6708.04000
 6708.10000
 6708.16000
 6708.22000
 6708.28000
 6708.34000
 6708.40000
 6708.46000
 6713.32000
 6713.38000
 6713.44000
 6713.50000
 6713.56000
 6713.62000
 6713.68000
 6713.74000
 6713.80000
 6713.86000
 6713.92000
 6713.98000
 6714.04000
 6714.10000
 6714.16000
 6714.22000
 6714.28000
 6714.34000
 6716.32000
 6716.38000
 6716.44000
 6716.50000
 6716.56000
 6716.62000
 6716.68000
 6716.74000
 6716.80000
 6716.86000
 6716.92000
 6716.98000
 6717.04000
 6717.10000
 6721.00000
 6721.06000
 6721.12000
 6721.18000
 6721.24000
 6721.30000
 6721.36000
 6721.42000
 6721.48000
 6721.54000
 6721.60000
 6721.66000
 6721.72000
 6721.78000
 6721.84000
 6721.90000
 6721.96000
 6722.02000
 6722.08000
 6722.14000
 6722.20000
 6722.26000
 6722.32000
 6722.38000
 6722.44000
 6724.84000
 6724.90000
 6724.96000
 6725.02000
 6725.08000
 6725.14000
 6725.20000
 6725.26000
 6725.32000
 6725.38000
 6725.44000
 6725.50000
 6725.56000
 6725.62000
 6725.68000
 6725.74000
 6732.64000
 6732.70000
 6732.76000
 6732.82000
 6732.88000
 6732.94000
 6733.00000
 6733.06000
 6733.12000
 6733.18000
 6733.24000
 6733.30000
 6733.36000
 6733.42000
 6733.48000
 6733.54000
 6739.00000
 6739.06000
 6739.12000
 6739.18000
 6739.24000
 6739.30000
 6739.36000
 6739.42000
 6739.48000
 6739.54000
 6739.60000
 6739.66000
 6739.72000
 6739.78000
 6739.84000
 6739.90000
 6739.96000
 7711.06000
 7711.13000
 7711.20000
 7711.27000
 7711.34000
 7711.41000
 7711.48000
 7711.55000
 7711.62000
 7711.69000
 7711.76000
 7711.83000
 7711.90000
 7711.97000
 7712.04000
 7712.11000
 7712.18000
 7712.25000
 7712.32000
 7712.39000
 7712.46000
 7712.53000
 7712.60000
 7712.67000
 7712.74000
 7712.81000
 7712.88000
 7712.95000
 7713.02000
 7713.09000
 7713.16000
 7713.23000
 7771.19000
 7771.26000
 7771.33000
 7771.40000
 7771.47000
 7771.54000
 7771.61000
 7771.68000
 7771.75000
 7771.82000
 7771.89000
 7771.96000
 7772.03000
 7772.10000
 7772.17000
 7772.24000
 7772.31000
 7772.38000
 7772.45000
 7772.52000
 7772.59000
 7772.66000
 7773.36000
 7773.43000
 7773.50000
 7773.57000
 7773.64000
 7773.71000
 7773.78000
 7773.85000
 7773.92000
 7773.99000
 7774.06000
 7774.13000
 7774.20000
 7774.27000
 7774.34000
 7774.41000
 7774.48000
 7774.55000
 7774.62000
 7774.69000
 7774.76000
 7774.83000
 7774.90000
 7774.97000
 7775.04000
 7775.11000
 7775.18000
 7775.25000
 7775.32000
 7775.39000
 7775.46000
 7775.53000
 7775.60000
 7775.67000
 7775.74000
 7775.81000
 7775.88000
 7775.95000
 7776.02000
 7776.09000
 7776.16000
 7799.96000
 7800.03000
 7800.10000
 7800.17000
 7800.24000
 7800.31000
 7800.38000
 7800.45000
 7800.52000
 7800.59000
 7800.66000
 7834.75000
 7834.82000
 7834.89000
 7834.96000
 7835.03000
 7835.10000
 7835.17000
 7835.24000
 7835.31000
 7835.38000
 7835.45000
 7835.52000
 7835.59000
 7835.66000
 7835.73000
 7835.80000
 7835.87000
 7835.94000
 7836.01000
 7836.08000
 7836.15000
 7836.22000
 7836.29000
 7836.36000
 7836.43000
 7836.50000
 7836.57000
 7837.62000
 7837.69000
 7837.76000
 7837.83000
 7837.90000
 7837.97000
 7838.04000
 7838.11000
 7838.18000
 7838.25000
 7838.32000
 7838.39000
 7838.46000
 7838.53000
 7838.60000
 7838.67000
 7852.04000
 7852.11000
 7852.18000
 7852.25000
 7852.32000
 7852.39000
 7852.46000
 7852.53000
 7852.60000
 7852.67000
 7852.74000
 7852.81000
 7852.88000
 7852.95000
 7853.02000
 7853.09000
 7853.16000
